ID	left	top	right	bottom

// Zombie
BEGIN
51000	0	0	32	64
51001	36	0	68	64

51100	294	180	326	244
51101	258	180	290	244
END


// Panther
BEGIN
52000	201	212	249	244
52001	134	212	198	244
52002	68	212	132	244
52003	2	212	66	244

52100	77	32	125	64
52101	128	32	192	64
52102	194	32	258	64
52103	260	32	324	64
END


// Bat
BEGIN
53101	100	0	132	32
53102	132	0	164	32
53103	164	0	196	32

53001	194	180	226	212
53002	162	180	194	212
53003	130	180	162	212
END


// Fish
BEGIN
54100	64	66	96	130
54101	32	66	64	130
54102	0	66	32	130

54000	230	246	262	310
54001	262	246	294	310
54002	294	246	326	310
END


// BOSS BAT
BEGIN
55000	182	132	278	176
55001	99	132	195	176
55002	1	133	97	177
END
