AnimationID	SpriteID	FrameTime

// Zombie
BEGIN
5100	51000	100
5100	51001	100

5101	51100	100
5101	51101	100
END

// Panther
BEGIN
5200	52000	100
5201	52100	100

5202	52001	100
5202	52002	100
5202	52003	100
5203	52101	100
5203	52102	100
5203	52103	100

5204	52003	100
5205	52103	100
END

// Bat
BEGIN
5301	53001	100
5301	53002	100
5301	53003	100

5302	53101	100
5302	53102	100
5302	53103	100
END

// Fish
BEGIN
5400	54000	100
5401	54100	100

5402	54000	200
5402	54001	200
5403	54100	200
5403	54101	200

5404	54002	100
5405	54102	100
END

// Boss Bat
BEGIN
5501	55000	100
5502	55001	100
5502	55002	100
END